msvc: 14.44.35211
windows_sdk: 10.0.22621.0
cmake: 3.28.1
ninja: 1.11.1
vcpkg_commit: 2025.02.14
triplet: x64-windows
